   0.0000000      0.25000000       0.0000000     -0.25000000       0.0000000       0.0000000       0.0000000       0.0000000       0.0000000       0.0000000      2.24207759E-24
   0.0000000      0.25000000       0.0000000     -0.25000000       0.0000000       0.0000000       0.0000000       0.0000000       0.0000000       0.0000000      2.24207759E-24
   0.0000000      0.25000000      8.33333358E-02 -8.33333358E-02 -0.25000000       0.0000000       0.0000000       0.0000000       0.0000000       0.0000000      2.24207759E-24
   0.0000000      0.25000000      0.10135134     -0.10135134     -0.25000000       0.0000000       0.0000000       0.0000000       0.0000000       0.0000000      2.24207759E-24
   0.0000000      0.25000000      0.14702983       0.0000000     -0.14702983     -0.25000000       0.0000000       0.0000000       0.0000000       0.0000000      2.24207759E-24
   0.0000000      0.25000000      0.16216952       0.0000000     -0.16216952     -0.25000000       0.0000000       0.0000000       0.0000000       0.0000000      2.24207759E-24
   0.0000000      0.25000000      0.18585363      6.52016401E-02 -6.52016401E-02 -0.18585363     -0.25000000       0.0000000       0.0000000       0.0000000      2.24207759E-24
   0.0000000      0.25000000      0.19462831      7.80771449E-02 -7.80771449E-02 -0.19462831     -0.25000000       0.0000000       0.0000000       0.0000000      2.24207759E-24
   0.0000000      0.25000000      0.20626929      0.12103232       0.0000000     -0.12103232     -0.20626929     -0.25000000       0.0000000       0.0000000      2.24207759E-24
   0.0000000      0.25000000      0.21097995      0.13467997       0.0000000     -0.13467997     -0.21097995     -0.25000000       0.0000000       0.0000000      2.24207759E-24
   0.0000000      0.25000000      0.21715660      0.16044115      5.72681762E-02 -5.72681762E-02 -0.16044115     -0.21715660     -0.25000000       0.0000000      2.24207759E-24
   0.0000000      0.25000000      0.21975495      0.16989610      6.80308416E-02 -6.80308416E-02 -0.16989610     -0.21975495     -0.25000000       0.0000000      2.24207759E-24
   0.0000000      0.25000000      0.22341242      0.18416993      0.10838544       0.0000000     -0.10838544     -0.18416993     -0.22341242     -0.25000000      2.24207759E-24
   0.0000000      0.25000000      0.22499150      0.18991193      0.12080173       0.0000000     -0.12080173     -0.18991193     -0.22499150     -0.25000000      2.24207759E-24
   0.0000000      0.25000000      0.22741973      0.19809847      0.14646538      5.27881980E-02 -5.27881980E-02 -0.14646538     -0.19809847     -0.22741973     -0.25000000    
   0.0000000      0.25000000      0.22848539      0.20151123      0.15575702      6.23920336E-02 -6.23920336E-02 -0.15575702     -0.20151123     -0.22848539     -0.25000000    
   0.0000000       0.0000000      0.23024788      0.20659034      0.17075293      0.10084815       0.0000000     -0.10084815     -0.17075293     -0.20659034     -0.25000000    
   0.0000000     -3.25254388E-02  0.23103194      0.20874900      0.17673889      0.11241298       0.0000000     -0.11241298     -0.17673889     -0.20919584     -0.25000000    
   0.0000000     -0.20546384      0.20523965      0.21227916      0.18565984      0.13761261      4.99201715E-02 -4.99201715E-02 -0.13761516     -0.18577351     -0.25000000    
   0.0000000     -0.22326629      0.21654058      0.21327770      0.18935423      0.14663380      5.87972328E-02 -5.87972850E-02 -0.14664000     -0.19057816     -0.25000000    
   0.0000000     -0.19733924     -5.57346791E-02  0.21514522      0.19492552      0.16176894      9.58648250E-02 -8.10380740E-08 -9.58765522E-02 -0.16216907     -0.25000000    
   0.0000000     -0.20603034     -7.19992742E-02  0.21880950      0.19727722      0.16777140      0.10682809     -4.44101573E-08 -0.10685211     -0.17009744     -0.25000000    
   0.0000000     -0.17732102     -0.20149949      0.17710893      0.20164804      0.17692849      0.13153693      4.79429029E-02 -4.79741096E-02 -0.13246432     -0.25000000    
   0.0000000     -0.18882784     -0.21336716      0.19326727      0.20248112      0.18071657      0.14030583      5.63281141E-02 -5.63784800E-02 -0.14414921     -0.25000000    
   0.0000000     -0.15988366     -0.20174268     -5.59766367E-02  0.20381664      0.18644975      0.15537618      9.23561975E-02 -5.54608123E-05 -9.41771492E-02 -0.25000000    
   0.0000000     -0.17265013     -0.20315957     -6.99047744E-02  0.20859356      0.18884782      0.16132538      0.10288595     -5.54729995E-05 -0.10884671     -0.25000000    
   0.0000000     -0.14246285     -0.18700859     -0.18960820      0.15896457      0.19357875      0.17050931      0.12715635      4.64785248E-02 -4.97829802E-02 -0.25000000    
   0.0000000     -0.15543239     -0.18985631     -0.20181054      0.17652744      0.19430111      0.17430766      0.13571548      5.46532832E-02 -6.33214712E-02 -0.25000000    
   0.0000000     -0.12274731     -0.17185338     -0.19454333     -5.29640429E-02  0.19490708      0.18003748      0.15063778      9.00220945E-02 -5.53666335E-03 -0.25000000    
   0.0000000     -0.13524589     -0.17600402     -0.19526833     -6.59766719E-02  0.20031326      0.18241698      0.15649465      0.10076828     -1.20411180E-02 -0.25000000    
   0.0000000     -9.85986367E-02 -0.15400030     -0.18157761     -0.17951640      0.14637081      0.18728387      0.16556516      0.12513024      3.66827883E-02 -0.25000000    
   0.0000000     -0.10954261     -0.15929586     -0.18340178     -0.19229449      0.16421402      0.18794151      0.16924444      0.13434322      3.93657573E-02 -0.25000000    
   0.0000000     -6.94370344E-02 -0.13136907     -0.16742755     -0.18764023     -5.00289202E-02  0.18782704      0.17480135      0.14945701      7.75214881E-02 -0.25000000    
   0.0000000     -7.71470144E-02 -0.13797157     -0.17069744     -0.18850610     -6.23728000E-02  0.19363748      0.17695878      0.15614393      8.65253136E-02 -0.25000000    
   0.0000000     -3.62754799E-02 -0.10302316     -0.15011548     -0.17586301     -0.17143553      0.13732265      0.18172216      0.16510431      0.11440168     -0.25000000    
   0.0000000     -3.87346968E-02 -0.11062285     -0.15478423     -0.17762032     -0.18458505      0.15508448      0.18209170      0.16942112      0.12646692     -0.25000000    
   0.0000000     -1.80916814E-03 -6.94473535E-02 -0.12845176     -0.16259463     -0.18189114     -4.71591204E-02  0.18117702      0.17438217      0.14602901     -0.25000000    
   0.0000000      2.56283977E-03 -7.69159794E-02 -0.13478673     -0.16579598     -0.18296640     -5.87423630E-02  0.18701062      0.17660600      0.15857193     -0.25000000    
   0.0000000      3.27996761E-02 -3.26760970E-02 -0.10208455     -0.14658223     -0.17100060     -0.16474257      0.12867242      0.18026876      0.17189160     -0.25000000    
   0.0000000      4.28668857E-02 -3.74463536E-02 -0.10989094     -0.15106918     -0.17270820     -0.17795935      0.14589754      0.18001449      0.18334007     -0.25000000    
   0.0000000      6.50715679E-02  4.69818292E-03 -7.03325942E-02 -0.12704183     -0.15864985     -0.17691952     -4.70755287E-02  0.17695336      0.19212723     -0.25000000    
   0.0000000      7.65917972E-02  5.95849101E-03 -7.85744488E-02 -0.13312250     -0.16169585     -0.17809673     -5.86868152E-02  0.18163122      0.20166346     -0.25000000    
   0.0000000      9.04150456E-02  4.15236205E-02 -3.38248536E-02 -0.10291485     -0.14424388     -0.16679874     -0.15966563      0.11804490      0.20815338     -0.25000000    
   0.0000000      0.10062090      4.79496159E-02 -3.93228419E-02 -0.11061970     -0.14845212     -0.16841541     -0.17250971      0.13155025      0.21521603     -0.25000000    
   0.0000000      0.10760370      7.50181973E-02  3.96734802E-03 -7.18707442E-02 -0.12675323     -0.15559199     -0.17246482     -5.84367216E-02  0.21630408     -0.25000000    
   0.0000000      0.11572155      8.27244222E-02  4.83213924E-03 -8.02151263E-02 -0.13260192     -0.15842433     -0.17338149     -7.86341354E-02  0.22546509     -0.25000000    
   0.0000000      0.11815808      0.10086868      4.14890759E-02 -3.51373777E-02 -0.10379498     -0.14295587     -0.16315511     -0.16111569      0.19793156     -0.25000000    
   0.0000000      0.12440842      0.10724650      4.79323827E-02 -4.08653617E-02 -0.11140915     -0.14693683     -0.16474406     -0.18141542      0.21605708     -0.25000000    
   0.0000000      0.12392610      0.11800752      7.58640543E-02  3.23636411E-03 -7.30910152E-02 -0.12681620     -0.15358576     -0.17181596      0.10335673     -0.25000000    
   0.0000000      0.12885897      0.12234889      8.38036463E-02  3.94167658E-03 -8.15022886E-02 -0.13250840     -0.15630801     -0.18366259      0.13806857     -0.25000000    
   0.0000000      0.12512757      0.12809175      0.10249686      4.14232537E-02 -3.61381620E-02 -0.10458262     -0.14236137     -0.16540027     -4.91051115E-02 -0.25000000    
   0.0000000      0.12913749      0.13058682      0.10912594      4.79143448E-02 -4.20376547E-02 -0.11214438     -0.14630070     -0.16728096     -3.79932560E-02 -0.25000000    
   0.0000000      0.12480558      0.13279098      0.12007650      7.65452757E-02  2.68354639E-03 -7.40683973E-02 -0.12712789     -0.15357989     -0.13636929     -0.25000000    
   0.0000000      0.12831815      0.13393350      0.12461562      8.46387967E-02  3.26751848E-03 -8.25380310E-02 -0.13274664     -0.15556082     -0.13865037     -0.25000000    
   0.0000000      0.10989406      0.13411815      0.13015650      0.10382935      4.13727164E-02 -3.69205698E-02 -0.10531765     -0.14209425     -0.15407631     -0.25000000    
   0.0000000      0.11196547      0.13427873      0.13278972      0.11059936      4.79017235E-02 -4.29533161E-02 -0.11285101     -0.14568870     -0.15832894     -0.25000000    
   0.0000000      4.19186242E-02  0.12938291      0.13478909      0.12180530      7.70663694E-02  2.25474872E-03 -7.48756379E-02 -0.12737866     -0.15156125     -0.25000000    
   0.0000000      3.43513265E-02  0.12997440      0.13597098      0.12644427      8.52806866E-02  2.74517154E-03 -8.33948702E-02 -0.13289104     -0.15696299     -0.25000000    
   0.0000000     -6.33310825E-02  9.89353061E-02  0.13544872      0.13208187      0.10486755      4.13323492E-02 -3.75467166E-02 -0.10592607     -0.14317268     -0.25000000    
   0.0000000     -8.76235813E-02  0.10721963      0.13552544      0.13476989      0.11175144      4.78920192E-02 -4.36855927E-02 -0.11346383     -0.15015051     -0.25000000    
   0.0000000     -0.11745492      4.26412094E-03  0.13149139      0.13661844      0.12321365      7.74734467E-02  1.91344297E-03 -7.55701289E-02 -0.12963550     -0.25000000    
   0.0000000     -0.13345645      3.45739746E-03  0.13467760      0.13782923      0.12793711      8.57841223E-02  2.33018142E-03 -8.41638595E-02 -0.13886212     -0.25000000    
   0.0000000     -0.12429872     -0.10469477      9.71388593E-02  0.13857234      0.13371426      0.10569734      4.12986502E-02 -3.81149240E-02 -0.10899431     -0.25000000    
   0.0000000     -0.13576370     -0.11874321      0.11004732      0.13874643      0.13648364      0.11267370      4.78866436E-02 -4.43568714E-02 -0.12082821     -0.25000000    
   0.0000000     -0.12005790     -0.14455508     -8.60996451E-03  0.13565500      0.13876000      0.12438041      7.78026283E-02  1.57808361E-03 -7.94995874E-02 -0.25000000    
   0.0000000     -0.13182497     -0.14960954     -9.73491278E-03  0.14018117      0.14007440      0.12918432      8.61983299E-02  1.98672316E-03 -9.32153016E-02 -0.25000000    
   0.0000000     -0.11296441     -0.14595498     -0.11533541      9.72769111E-02  0.14193282      0.13526011      0.10638673      4.13133539E-02 -4.31950800E-02 -0.25000000    
   0.0000000     -0.12450798     -0.14853866     -0.12772292      0.11117122      0.14221680      0.13812335      0.11343877      4.81820218E-02 -5.55034205E-02 -0.25000000    
   0.0000000     -0.10137013     -0.13953510     -0.14863847     -1.56730767E-02  0.13895702      0.14089993      0.12538649      7.85336941E-02 -5.26054809E-03 -0.25000000    
   0.0000000     -0.11217669     -0.14323358     -0.15163638     -1.85556542E-02  0.14415810      0.14232065      0.13022265      8.77168328E-02 -1.15378685E-02 -0.25000000    
   0.0000000     -8.38735700E-02 -0.12909617     -0.14787051     -0.12001064      9.70471427E-02  0.14479774      0.13655268      0.10860710      3.19767259E-02 -0.25000000    
   0.0000000     -9.31135416E-02 -0.13379188     -0.14917760     -0.13238858      0.11120149      0.14517182      0.13934448      0.11675104      3.36519368E-02 -0.25000000    
   0.0000000     -6.04295582E-02 -0.11275674     -0.14063348     -0.14952561     -2.08566282E-02  0.14149383      0.14237614      0.12920643      6.82509169E-02 -0.25000000    
   0.0000000     -6.67618960E-02 -0.11848346     -0.14338651     -0.15212475     -2.52845939E-02  0.14718252      0.14358713      0.13523892      7.57815018E-02 -0.25000000    
   0.0000000     -3.21544111E-02 -8.99974257E-02 -0.12930611     -0.14758189     -0.12310938      9.68306214E-02  0.14628901      0.14166960      0.10114609     -0.25000000    
   0.0000000     -3.39200273E-02 -9.64785814E-02 -0.13343558     -0.14887889     -0.13560899      0.11119927      0.14630195      0.14545311      0.11197947     -0.25000000    
   0.0000000     -1.75174500E-03 -6.14164360E-02 -0.11272208     -0.14005370     -0.14998765     -2.45456751E-02  0.14208449      0.14796706      0.12949774     -0.25000000    
   0.0000000      2.38572061E-03 -6.76878989E-02 -0.11833788     -0.14278497     -0.15243454     -2.98827048E-02  0.14764825      0.14951958      0.14152285     -0.25000000    
   0.0000000      2.92078424E-02 -2.89642606E-02 -9.07264054E-02 -0.12897654     -0.14712495     -0.12511490      9.44609940E-02  0.15091260      0.15292586     -0.25000000    
   0.0000000      3.83688435E-02 -3.28613520E-02 -9.76081342E-02 -0.13300730     -0.14844212     -0.13745949      0.10837753      0.15025178      0.16476747     -0.25000000    
   0.0000000      5.82234263E-02  4.84571233E-03 -6.29876256E-02 -0.11348166     -0.13953641     -0.14998659     -2.96421498E-02  0.14340869      0.17176454     -0.25000000    
   0.0000000      6.88481778E-02  6.16112072E-03 -7.01874271E-02 -0.11898851     -0.14216727     -0.15219006     -3.63499969E-02  0.14733008      0.18257266     -0.25000000    
   0.0000000      8.12278837E-02  3.85234579E-02 -3.02075017E-02 -9.28469598E-02 -0.12913054     -0.14645892     -0.12712164      8.73973668E-02  0.18741506     -0.25000000    
   0.0000000      9.08760279E-02  4.43300121E-02 -3.49199586E-02 -9.98008847E-02 -0.13295741     -0.14774160     -0.13881062      9.65243950E-02  0.19678891     -0.25000000    
   0.0000000      9.70980078E-02  6.91934079E-02  4.43798443E-03 -6.52196556E-02 -0.11489924     -0.13917501     -0.14944974     -4.60845381E-02  0.19424695     -0.25000000    
   0.0000000      0.10497855      7.61666074E-02  5.37132286E-03 -7.26768970E-02 -0.12028273     -0.14164281     -0.15089944     -6.38750866E-02  0.20742738     -0.25000000    
   0.0000000      0.10710667      9.29364040E-02  3.91495153E-02 -3.17406692E-02 -9.48834419E-02 -0.12979431     -0.14544737     -0.13685797      0.17001328     -0.25000000    
   0.0000000      0.11334053      9.87772346E-02  4.50233966E-02 -3.67568024E-02 -0.10187398     -0.13345137     -0.14673305     -0.15762947      0.19331793     -0.25000000    
   0.0000000      0.11285195      0.10877953      7.09194914E-02  3.85955884E-03 -6.71115369E-02 -0.11640622     -0.13924824     -0.15408424      7.72793889E-02 -0.25000000    
   0.0000000      0.11790127      0.11278819      7.81616196E-02  4.66922950E-03 -7.47596622E-02 -0.12171328     -0.14168105     -0.16551568      0.10977700     -0.25000000    
   0.0000000      0.11443964      0.11814579      9.55148116E-02  3.95639837E-02 -3.29883881E-02 -9.66984630E-02 -0.13082631     -0.15099536     -5.02656735E-02 -0.25000000    
   0.0000000      0.11864129      0.12045475      0.10161661      4.55720611E-02 -3.82440165E-02 -0.10373665     -0.13449375     -0.15310986     -4.13891561E-02 -0.25000000    
   0.0000000      0.11404741      0.12251688      0.11172995      7.23288879E-02  3.40297865E-03 -6.87077940E-02 -0.11798260     -0.14159043     -0.12383202     -0.25000000    
   0.0000000      0.11775575      0.12355349      0.11592011      7.98011720E-02  4.11589304E-03 -7.65190050E-02 -0.12328751     -0.14353673     -0.12636769     -0.25000000    
   0.0000000      9.73263681E-02  0.12361959      0.12088799      9.76969749E-02  3.99123691E-02 -3.40153724E-02 -9.83569100E-02 -0.13221702     -0.14163068     -0.25000000    
   0.0000000      9.92393270E-02  0.12380072      0.12328232      0.10398628      4.60336469E-02 -3.94673124E-02 -0.10545413     -0.13563062     -0.14623293     -0.25000000    
   0.0000000      3.44643034E-02  0.11782523      0.12486964      0.11429175      7.34903365E-02  3.03619797E-03 -7.00838268E-02 -0.11943067     -0.14130463     -0.25000000    
   0.0000000      2.69399527E-02  0.11880092      0.12587579      0.11859632      8.11530575E-02  3.67251970E-03 -7.80367628E-02 -0.12469549     -0.14704043     -0.25000000    
   0.0000000     -5.57053424E-02  8.67397189E-02  0.12496424      0.12350958      9.95085910E-02  4.02053185E-02 -3.48777510E-02 -9.98151824E-02 -0.13491927     -0.25000000    
   0.0000000     -7.75697082E-02  9.40320641E-02  0.12507370      0.12594776      0.10595430      4.64231186E-02 -4.04942036E-02 -0.10699093     -0.14215922     -0.25000000    
   0.0000000     -0.10544723      2.06084596E-03  0.11964488      0.12719086      0.11649732      7.44537711E-02  2.73190788E-03 -7.13016689E-02 -0.12310652     -0.25000000    
   0.0000000     -0.12091091      6.36876852E-04  0.12311269      0.12818639      0.12090353      8.22759420E-02  3.30602960E-03 -7.94070289E-02 -0.13247487     -0.25000000    
   0.0000000     -0.11430842     -9.37404186E-02  8.52517858E-02  0.12838179      0.12586693      0.10103307      4.04491127E-02 -3.56682763E-02 -0.10402486     -0.25000000    
   0.0000000     -0.12547693     -0.10662237      9.68237817E-02  0.12857139      0.12837769      0.10761119      4.67525013E-02 -4.14322056E-02 -0.11582123     -0.25000000    
   0.0000000     -0.11209266     -0.13314956     -8.91081896E-03  0.12405977      0.12995805      0.11840822      7.52643645E-02  2.42654583E-03 -7.60634542E-02 -0.25000000    
   0.0000000     -0.12336931     -0.13836610     -1.00741414E-02  0.12874505      0.13103274      0.12291237      8.32271576E-02  3.02106538E-03 -8.95427093E-02 -0.25000000    
   0.0000000     -0.10670126     -0.13683367     -0.10453618      8.61675739E-02  0.13226509      0.12815344      0.10233698      4.07293960E-02 -4.12758254E-02 -0.25000000    
   0.0000000     -0.11777215     -0.13940901     -0.11590449      9.87844020E-02  0.13254683      0.13075961      0.10902397      4.73986827E-02 -5.32513335E-02 -0.25000000    
   0.0000000     -9.65870321E-02 -0.13215309     -0.13849176     -1.48583921E-02  0.12796842      0.13282017      0.12009712      7.64816701E-02 -4.66067297E-03 -0.25000000    
   0.0000000     -0.10694153     -0.13567370     -0.14165787     -1.73779093E-02  0.13325256      0.13399944      0.12464432      8.53299275E-02 -1.07571865E-02 -0.25000000    
   0.0000000     -8.03556964E-02 -0.12320461     -0.13982759     -0.10984026      8.68204907E-02  0.13583331      0.13016234      0.10521489      3.14564742E-02 -0.25000000    
   0.0000000     -8.91706496E-02 -0.12770630     -0.14108378     -0.12132365      9.97810736E-02  0.13620168      0.13268963      0.11307468      3.30258533E-02 -0.25000000    
   0.0000000     -5.80299124E-02 -0.10817935     -0.13409543     -0.14047123     -1.94932912E-02  0.13128410      0.13502499      0.12467309      6.66142628E-02 -0.25000000    
   0.0000000     -6.40059337E-02 -0.11368047     -0.13668932     -0.14324068     -2.33738795E-02  0.13702875      0.13597457      0.13048683      7.38765448E-02 -0.25000000    
   0.0000000     -3.07883192E-02 -8.65866765E-02 -0.12407257     -0.14045581     -0.11379930      8.74412730E-02  0.13805436      0.13609210      9.84245911E-02 -0.25000000    
   0.0000000     -3.23339403E-02 -9.27984789E-02 -0.12804461     -0.14169186     -0.12552242      0.10072359      0.13802208      0.13967356      0.10897399     -0.25000000    
   0.0000000     -1.31631724E-03 -5.90817705E-02 -0.10861695     -0.13426533     -0.14195356     -2.30469387E-02  0.13264312      0.14143267      0.12575215     -0.25000000    
   0.0000000      2.84254714E-03 -6.50595799E-02 -0.11404981     -0.13685572     -0.14456013     -2.77747400E-02  0.13820994      0.14276086      0.13759831     -0.25000000    
   0.0000000      2.87528746E-02 -2.76081786E-02 -8.75977501E-02 -0.12432568     -0.14082557     -0.11675167      8.57994109E-02  0.14343101      0.14826187     -0.25000000    
   0.0000000      3.77316959E-02 -3.12483683E-02 -9.42533463E-02 -0.12822439     -0.14208120     -0.12840007      9.86802801E-02  0.14268537      0.16010374     -0.25000000    
   0.0000000      5.68760298E-02  5.32903522E-03 -6.07443191E-02 -0.10978480     -0.13440846     -0.14287314     -2.81995852E-02  0.13456370      0.16637602     -0.25000000    
   0.0000000      6.72624707E-02  6.73203869E-03 -6.76745325E-02 -0.11514525     -0.13691539     -0.14520776     -3.42743248E-02  0.13833658      0.17740171     -0.25000000    
   0.0000000      7.91266635E-02  3.81870307E-02 -2.88315080E-02 -8.99451673E-02 -0.12498230     -0.14087605     -0.11970967      7.90442377E-02  0.18146580     -0.25000000    
   0.0000000      8.85899812E-02  4.38781902E-02 -3.32932621E-02 -9.67119038E-02 -0.12870094     -0.14209610     -0.13072407      8.68632868E-02  0.19141763     -0.25000000    
   0.0000000      9.44710448E-02  6.80355653E-02  5.01861982E-03 -6.30813539E-02 -0.11154201     -0.13461506     -0.14310651     -4.49321568E-02  0.18730985     -0.25000000    
   0.0000000      0.10223804      7.48143271E-02  6.05048658E-03 -7.03000128E-02 -0.11680853     -0.13697481     -0.14461441     -6.22922927E-02  0.20159645     -0.25000000    
   0.0000000      0.10415251      9.10718068E-02  3.89754213E-02 -3.03783752E-02 -9.22022089E-02 -0.12606435     -0.14043067     -0.13087031      0.16106118     -0.25000000    
   0.0000000      0.11033347      9.67437401E-02  4.47440594E-02 -3.51538137E-02 -9.90363657E-02 -0.12963250     -0.14163743     -0.15130277      0.18552431     -0.25000000    
   0.0000000      0.10972312      0.10640843      6.99627101E-02  4.49793274E-03 -6.50907010E-02 -0.11335389     -0.13514055     -0.14901049      6.92590103E-02 -0.25000000    
   0.0000000      0.11476153      0.11029331      7.70127401E-02  5.42040588E-03 -7.25272298E-02 -0.11856665     -0.13748117     -0.16010064      0.10066541     -0.25000000    
   0.0000000      0.11128722      0.11543068      9.38591808E-02  3.95150706E-02 -3.16555239E-02 -9.42281410E-02 -0.12745503     -0.14672193     -5.12920357E-02 -0.25000000    
   0.0000000      0.11550646      0.11765774      9.97892246E-02  4.54384275E-02 -3.66812870E-02 -0.10113527     -0.13104515     -0.14885998     -4.32005562E-02 -0.25000000    
   0.0000000      0.11068829      0.11958768      0.10955036      7.15466738E-02  4.08349838E-03 -6.68060854E-02 -0.11520757     -0.13803408     -0.12059228     -0.25000000    
   0.0000000      0.11441155      0.12057041      0.11360951      7.88424686E-02  4.92040208E-03 -7.44298175E-02 -0.12043698     -0.13997459     -0.12322798     -0.25000000    
   0.0000000      9.31418240E-02  0.12049567      0.11832084      9.62375998E-02  3.99732366E-02 -3.27188112E-02 -9.60863903E-02 -0.12925194     -0.13806933     -0.25000000    
   0.0000000      9.49283540E-02  0.12067401      0.12061799      0.10236491      4.60287817E-02 -3.79521847E-02 -0.10307534     -0.13262457     -0.14276609     -0.25000000    
   0.0000000      3.13675106E-02  0.11417773      0.12201185      0.11230148      7.28707686E-02  3.74875590E-03 -6.82994202E-02 -0.11694570     -0.13826646     -0.25000000    
   0.0000000      2.36842763E-02  0.11529613      0.12294675      0.11647831      8.03723112E-02  4.51795384E-03 -7.60872960E-02 -0.12215725     -0.14409828     -0.25000000    
   0.0000000     -5.45214526E-02  8.25102404E-02  0.12185223      0.12109644      9.82389227E-02  4.03626151E-02 -3.36211249E-02 -9.77446958E-02 -0.13240017     -0.25000000    
   0.0000000     -7.56851584E-02  8.95270258E-02  0.12197512      0.12343526      0.10453201      4.65321466E-02 -3.90304290E-02 -0.10483288     -0.13972691     -0.25000000    
   0.0000000     -0.10228191      1.43175479E-04  0.11593848      0.12444581      0.11469925      7.39825219E-02  3.46871722E-03 -6.96337968E-02 -0.12100600     -0.25000000    
   0.0000000     -0.11740633     -1.73282379E-03  0.11958953      0.12536089      0.11898168      8.16581473E-02  4.18292731E-03 -7.75933787E-02 -0.13043736     -0.25000000    
   0.0000000     -0.11136876     -9.15063024E-02  8.09974745E-02  0.12537627      0.12362697      9.99421999E-02  4.06905673E-02 -3.44526209E-02 -0.10226516     -0.25000000    
   0.0000000     -0.12242274     -0.10399200      9.21697468E-02  0.12558201      0.12603612      0.10637683      4.69616279E-02 -4.00167331E-02 -0.11407398     -0.25000000    
   0.0000000     -0.10970207     -0.12993900     -1.04586305E-02  0.12041157      0.12737353      0.11679913      7.49270096E-02  3.18638235E-03 -7.46267736E-02 -0.25000000    
   0.0000000     -0.12082063     -0.13506962     -1.19637651E-02  0.12526231      0.12836090      0.12118351      8.27565044E-02  3.93565279E-03 -8.80409330E-02 -0.25000000    
   0.0000000     -0.10475357     -0.13403977     -0.10223622      8.20170939E-02  0.12939733      0.12610298      0.10141062      4.10589129E-02 -4.02162895E-02 -0.25000000    
   0.0000000     -0.11566941     -0.13661465     -0.11323259      9.42342132E-02  0.12969066      0.12860784      0.10796125      4.77258749E-02 -5.20397425E-02 -0.25000000    
   0.0000000     -9.49981809E-02 -0.12984343     -0.13556261     -1.61708444E-02  0.12445700      0.13042194      0.11866819      7.62968212E-02 -3.99169931E-03 -0.25000000    
   0.0000000     -0.10520031     -0.13331777     -0.13866486     -1.89292766E-02  0.12989272      0.13151237      0.12309644      8.50455090E-02 -9.92698222E-03 -0.25000000    
   0.0000000     -7.90535435E-02 -0.12127392     -0.13730946     -0.10763386      8.28251317E-02  0.13314392      0.12829839      0.10449493      3.17819007E-02 -0.25000000    
   0.0000000     -8.77125934E-02 -0.12572546     -0.13856207     -0.11876486      9.53996256E-02  0.13352230      0.13071902      0.11224438      3.34120765E-02 -0.25000000    
   0.0000000     -5.69713563E-02 -0.10655764     -0.13199866     -0.13781258     -2.06816886E-02  0.12795694      0.13281149      0.12347320      6.65630028E-02 -0.25000000    
   0.0000000     -6.27919286E-02 -0.11200143     -0.13455842     -0.14053048     -2.47420594E-02  0.13385016      0.13366227      0.12918799      7.38038272E-02 -0.25000000    
   0.0000000     -2.99918205E-02 -8.52229819E-02 -0.12230930     -0.13818662     -0.11176504      8.36075917E-02  0.13554364      0.13446115      9.79778543E-02 -0.25000000    
   0.0000000     -3.14032435E-02 -9.13567916E-02 -0.12624942     -0.13941804     -0.12315855      9.65284780E-02  0.13550670      0.13794765      0.10846855     -0.25000000    
   0.0000000     -7.86459248E-04 -5.79746626E-02 -0.10711850     -0.13237655     -0.13955961     -2.42028944E-02  0.12949306      0.13942996      0.12491237     -0.25000000    
   0.0000000      3.45946825E-03 -6.38512522E-02 -0.11251236     -0.13493852     -0.14212000     -2.90797446E-02  0.13519557      0.14065643      0.13670744     -0.25000000    
   0.0000000      2.90077459E-02 -2.67585944E-02 -8.63242820E-02 -0.12272716     -0.13878958     -0.11492833      8.21028203E-02  0.14108232      0.14705469     -0.25000000    
   0.0000000      3.79719734E-02 -3.02696452E-02 -9.29218978E-02 -0.12660043     -0.14004064     -0.12626311      9.46280956E-02  0.14030208      0.15888545     -0.25000000    
   0.0000000      5.67961782E-02  5.91571955E-03 -5.96595034E-02 -0.10841789     -0.13270639     -0.14072728     -2.93503255E-02  0.13148722      0.16486783     -0.25000000    
   0.0000000      6.71055540E-02  7.41815474E-03 -6.64963424E-02 -0.11375180     -0.13518815     -0.14301938     -3.55321206E-02  0.13532592      0.17594098     -0.25000000    
   0.0000000      7.87111297E-02  3.85049917E-02 -2.79632378E-02 -8.87399018E-02 -0.12354025     -0.13904564     -0.11809203      7.52665475E-02  0.17970236     -0.25000000    
   0.0000000      8.80949944E-02  4.41970378E-02 -3.22925709E-02 -9.54625085E-02 -0.12724116     -0.14025958     -0.12878239      8.25700983E-02  0.18983467     -0.25000000    
   0.0000000      9.37973335E-02  6.80254921E-02  5.64962206E-03 -6.20170608E-02 -0.11028166     -0.13308656     -0.14115901     -4.61624973E-02  0.18496498     -0.25000000    
   0.0000000      0.10150293      7.47378394E-02  6.79162284E-03 -6.91529065E-02 -0.11553235     -0.13542537     -0.14262830     -6.36404976E-02  0.19969431     -0.25000000    
   0.0000000      0.10330190      9.07279775E-02  3.93588208E-02 -2.94982176E-02 -9.10601541E-02 -0.12475466     -0.13878083     -0.12953311      0.15744783     -0.25000000    
   0.0000000      0.10944530      9.63246897E-02  4.51353639E-02 -3.41423340E-02 -9.78616029E-02 -0.12831210     -0.13997664     -0.14973968      0.18238740     -0.25000000    
   0.0000000      0.10875703      0.10580394      7.00269714E-02  5.16207237E-03 -6.40510097E-02 -0.11218804     -0.13375728     -0.14743616      6.52371570E-02 -0.25000000    
   0.0000000      0.11377670      0.10962453      7.70112574E-02  6.20371010E-03 -7.14142770E-02 -0.11739360     -0.13608138     -0.15826829      9.61492658E-02 -0.25000000    
   0.0000000      0.11026134      0.11463656      9.35852081E-02  3.99521999E-02 -3.07701156E-02 -9.31461602E-02 -0.12625921     -0.14526483     -5.28421886E-02 -0.25000000    
   0.0000000      0.11447497      0.11681736      9.94377434E-02  4.58920486E-02 -3.56662758E-02 -0.10003000     -0.12984188     -0.14737220     -4.52451557E-02 -0.25000000    
   0.0000000      0.10951450      0.11866559      0.10900281      7.16767237E-02  4.77401773E-03 -6.57926053E-02 -0.11412615     -0.13679005     -0.12000150     -0.25000000    
   0.0000000      0.11322993      0.11961664      0.11299373      7.89109841E-02  5.73763717E-03 -7.33515695E-02 -0.11935464     -0.13874255     -0.12271732     -0.25000000    
   0.0000000      9.13137645E-02  0.11945363      0.11756431      9.60299298E-02  4.04575989E-02 -3.18319052E-02 -9.50605646E-02 -0.12817708     -0.13699529     -0.25000000    
   0.0000000      9.30020213E-02  0.11962523      0.11980882      0.10208151      4.65374514E-02 -3.69377173E-02 -0.10203446     -0.13155708     -0.14173576     -0.25000000    
   0.0000000      2.93228850E-02  0.11279042      0.12109957      0.11181241      7.30618909E-02  4.46095038E-03 -6.73124120E-02 -0.11595275     -0.13724895     -0.25000000    
   0.0000000      2.13890225E-02  0.11400251      0.12199570      0.11592086      8.05061162E-02  5.36316494E-03 -7.50432760E-02 -0.12117253     -0.14312609     -0.25000000    
   0.0000000     -5.50625063E-02  8.04321766E-02  0.12081058      0.12038240      9.80959609E-02  4.08886448E-02 -3.27352881E-02 -9.67764780E-02 -0.13148376     -0.25000000    
   0.0000000     -7.60197490E-02  8.73883441E-02  0.12093982      0.12266704      0.10431513      4.70896028E-02 -3.80192623E-02 -0.10385741     -0.13886046     -0.25000000    
   0.0000000     -0.10155826     -1.74535054E-03  0.11452912      0.12356596      0.11427139      7.42295086E-02  4.19880636E-03 -6.86746016E-02 -0.12014091     -0.25000000    
   0.0000000     -0.11644650     -4.04867018E-03  0.11835962      0.12443902      0.11848580      8.18519294E-02  5.05143590E-03 -7.65837505E-02 -0.12962249     -0.25000000    
   0.0000000     -0.11041917     -9.16456804E-02  7.87980482E-02  0.12440432      0.12296642      9.98608768E-02  4.12533134E-02 -3.35695110E-02 -0.10139945     -0.25000000    
   0.0000000     -0.12142708     -0.10397458      8.98515210E-02  0.12462354      0.12532055      0.10622364      4.75623310E-02 -3.90087031E-02 -0.11324095     -0.25000000    
   0.0000000     -0.10889140     -0.12908870     -1.23499334E-02  0.11902039      0.12655526      0.11643368      7.52248093E-02  3.93380271E-03 -7.37462342E-02 -0.25000000    
   0.0000000     -0.11995810     -0.13408837     -1.42678265E-02  0.12405625      0.12749878      0.12075084      8.30048025E-02  4.83105006E-03 -8.71462449E-02 -0.25000000    
   0.0000000     -0.10403612     -0.13309449     -0.10229269      7.97605962E-02  0.12848271      0.12550721      0.10138679      4.16624732E-02 -3.93938608E-02 -0.25000000    
   0.0000000     -0.11489517     -0.13567339     -0.11312220      9.18431357E-02  0.12878932      0.12795730      0.10786670      4.83828261E-02 -5.11161573E-02 -0.25000000    
   0.0000000     -9.43230093E-02 -0.12901479     -0.13475437     -1.80535391E-02  0.12309550      0.12967038      0.11836372      7.66616389E-02 -3.29498248E-03 -0.25000000    
   0.0000000     -0.10446186     -0.13248587     -0.13774347     -2.11979449E-02  0.12871699      0.13071631      0.12272353      8.53773504E-02 -9.07284487E-03 -0.25000000    
   0.0000000     -7.83866122E-02 -0.12050083     -0.13643444     -0.10767790      8.05467293E-02  0.13228975      0.12776440      0.10456258      3.23622562E-02 -0.25000000    
   0.0000000     -8.69675800E-02 -0.12494831     -0.13769685     -0.11863327      9.29795280E-02  0.13268118      0.13012642      0.11225257      3.41015719E-02 -0.25000000    
   0.0000000     -5.62962405E-02 -0.10579932     -0.13122115     -0.13706419     -2.25687381E-02  0.12663907      0.13211793      0.12326474      6.69853166E-02 -0.25000000    
   0.0000000     -6.20178953E-02 -0.11123729     -0.13378689     -0.13967960     -2.69947033E-02  0.13272062      0.13291818      0.12891723      7.42769539E-02 -0.25000000    
   0.0000000     -2.93547958E-02 -8.44556391E-02 -0.12157765     -0.13738319     -0.11182939      8.13237578E-02  0.13473889      0.13401534      9.82138067E-02 -0.25000000    
   0.0000000     -3.06545272E-02 -9.05682296E-02 -0.12552632     -0.13862613     -0.12304241      9.41036642E-02  0.13470827      0.13744076      0.10871357     -0.25000000    
   0.0000000     -2.20523667E-04 -5.72228245E-02 -0.10639366     -0.13166378     -0.13887571     -2.61099823E-02  0.12820853      0.13879833      0.12495379     -0.25000000    
   0.0000000      4.13456792E-03 -6.30543008E-02 -0.11179336     -0.13423380     -0.14133976     -3.13379653E-02  0.13409755      0.13996044      0.13673915     -0.25000000    
   0.0000000      2.94822901E-02 -2.60509774E-02 -8.55993405E-02 -0.12204940     -0.13805792     -0.11503002      7.98051581E-02  0.14029638      0.14691032     -0.25000000    
   0.0000000      3.84823643E-02 -2.94685140E-02 -9.21899900E-02 -0.12593201     -0.13932118     -0.12617958      9.21809673E-02  0.13949564      0.15873206     -0.25000000    
   0.0000000      5.71035407E-02  6.54315669E-03 -5.89142255E-02 -0.10775225     -0.13205147     -0.14010873     -3.12628932E-02  0.13014981      0.16457230     -0.25000000    
   0.0000000      6.73847049E-02  8.14987067E-03 -6.57095686E-02 -0.11309759     -0.13454032     -0.14231437     -3.77575159E-02  0.13412850      0.17564730     -0.25000000    
   0.0000000      7.88120180E-02  3.90301570E-02 -2.72395462E-02 -8.80421922E-02 -0.12292517     -0.13837735     -0.11821525      7.27820098E-02  0.17927395     -0.25000000    
   0.0000000      8.81494433E-02  4.47579436E-02 -3.14698741E-02 -9.47647616E-02 -0.12663820     -0.13960239     -0.12869743      7.98012912E-02  0.18946922     -0.25000000    
   0.0000000      9.37276110E-02  6.83725849E-02  6.30527223E-03 -6.12711161E-02 -0.10965964     -0.13249585     -0.14058045     -4.81297150E-02  0.18410225     -0.25000000    
   0.0000000      0.10138948      7.50569552E-02  7.56216934E-03 -6.83705360E-02 -0.11492702     -0.13484241     -0.14198776     -6.58936799E-02  0.19908282     -0.25000000    
   0.0000000      0.10310967      9.08571929E-02  3.99217457E-02 -2.87570171E-02 -9.03833807E-02 -0.12419254     -0.13818561     -0.12962852      0.15550025     -0.25000000    
   0.0000000      0.10922248      9.64071974E-02  4.57406193E-02 -3.33010256E-02 -9.71906558E-02 -0.12776536     -0.13939290     -0.14966710      0.18074821     -0.25000000    
   0.0000000      0.10847567      0.10575210      7.04129115E-02  5.84305637E-03 -6.33049309E-02 -0.11160211     -0.13322671     -0.14696954      6.23568259E-02 -0.25000000    
   0.0000000      0.11347654      0.10952708      7.73698613E-02  7.00706616E-03 -7.06365258E-02 -0.11682877     -0.13556029     -0.15757248      9.29746553E-02 -0.25000000    
   0.0000000      0.10991573      0.11444811      9.37453657E-02  4.05482613E-02 -3.00148185E-02 -9.24876854E-02 -0.12574241     -0.14470051     -5.46209365E-02 -0.25000000    
   0.0000000      0.11411885      0.11659429      9.95494872E-02  4.65356968E-02 -3.48102301E-02 -9.93822366E-02 -0.12934145     -0.14676264     -4.74350825E-02 -0.25000000    
   0.0000000      0.10904422      0.11838133      0.10896981      7.20975250E-02  5.47614973E-03 -6.50471523E-02 -0.11357044     -0.13627668     -0.12025594     -0.25000000    
   0.0000000      0.11274700      0.11930823      0.11291236      7.93055370E-02  6.56840857E-03 -7.25785047E-02 -0.11882267     -0.13824832     -0.12304705     -0.25000000    
   0.0000000      9.02184024E-02  0.11907811      0.11738161      9.62194130E-02  4.10823897E-02 -3.10651343E-02 -9.44176242E-02 -0.12769668     -0.13671157     -0.25000000    
   0.0000000      9.18168426E-02  0.11924184      0.11958791      0.10222200      4.72144485E-02 -3.60697396E-02 -0.10140622     -0.13110074     -0.14148177     -0.25000000    
   0.0000000      2.75672488E-02  0.11212215      0.12080692      0.11180042      7.35140964E-02  5.18099079E-03 -6.65678307E-02 -0.11542612     -0.13687275     -0.25000000    
   0.0000000      1.93423089E-02  0.11341731      0.12167472      0.11585927      8.09331462E-02  6.21724827E-03 -7.42746443E-02 -0.12067462     -0.14278102     -0.25000000    
   0.0000000     -5.61580248E-02  7.90064558E-02  0.12043224      0.12021000      9.83136669E-02  4.15384620E-02 -3.19589600E-02 -9.61495340E-02 -0.13107397     -0.25000000    
   0.0000000     -7.70615563E-02  8.59697163E-02  0.12056605      0.12245497      0.10448355      4.77957055E-02 -3.71414162E-02 -0.10324904     -0.13849065     -0.25000000    
   0.0000000     -0.10160553     -3.66320601E-03  0.11384824      0.12328288      0.11428229      7.47099444E-02  4.93426109E-03 -6.79322183E-02 -0.11966366     -0.25000000    
   0.0000000     -0.11629650     -6.38899021E-03  0.11786132      0.12412610      0.11844639      8.23082328E-02  5.92566654E-03 -7.58201480E-02 -0.12919274     -0.25000000    
   0.0000000     -0.11010411     -9.25370753E-02  7.72176459E-02  0.12408473      0.12281270      0.10010534      4.19251546E-02 -3.27851996E-02 -0.10081136     -0.25000000    
   0.0000000     -0.12109049     -0.10478205      8.82397667E-02  0.12431706      0.12512678      0.10641870      4.82941121E-02 -3.81213725E-02 -0.11269280     -0.25000000    
   0.0000000     -0.10858401     -0.12899271     -1.43795051E-02  0.11834470      0.12630503      0.11646944      7.57307485E-02  4.68413346E-03 -7.30359703E-02 -0.25000000    
   0.0000000     -0.11963379     -0.13385165     -1.67327672E-02  0.12357648      0.12721841      0.12073612      8.34874585E-02  5.72792301E-03 -8.64374861E-02 -0.25000000    
   0.0000000     -0.10370914     -0.13274479     -0.10309558      7.80726895E-02  0.12819676      0.12538137      0.10165632      4.23601046E-02 -3.86414304E-02 -0.25000000    
   0.0000000     -0.11454337     -0.13533044     -0.11382033      9.01021659E-02  0.12851781      0.12779170      0.10808633      4.91513498E-02 -5.02773188E-02 -0.25000000    
   0.0000000     -9.39361006E-02 -0.12866138     -0.13462768     -2.01411098E-02  0.12241647      0.12945157      0.11842448      7.72081912E-02 -2.58382689E-03 -0.25000000    
   0.0000000     -0.10404015     -0.13214372     -0.13749239     -2.37153526E-02  0.12823847      0.13046709      0.12273208      8.59113187E-02 -8.20332114E-03 -0.25000000    
   0.0000000     -7.79190138E-02 -0.12009703     -0.13609187     -0.10843587      7.87818953E-02  0.13202886      0.12766287      0.10488744      3.30311507E-02 -0.25000000    
   0.0000000     -8.64463449E-02 -0.12455580     -0.13736939     -0.11926903      9.11471993E-02  0.13243498      0.12998192      0.11253396      3.48957404E-02 -0.25000000    
   0.0000000     -5.57392389E-02 -0.10531494     -0.13086888     -0.13693231     -2.46985797E-02  0.12596034      0.13191918      0.12337989      6.75662830E-02 -0.25000000    
   0.0000000     -6.13791198E-02 -0.11076403     -0.13345407     -0.13943338     -2.95447279E-02  0.13224620      0.13268441      0.12898180      7.49321729E-02 -0.25000000    
   0.0000000     -2.87638828E-02 -8.38755369E-02 -0.12117705     -0.13705681     -0.11256125      7.95016959E-02  0.13448820      0.13395692      9.86761898E-02 -0.25000000    
   0.0000000     -2.99578197E-02 -8.99852067E-02 -0.12514792     -0.13831730     -0.12363856      9.22065601E-02  0.13446842      0.13733217      0.10920692     -0.25000000    
   0.0000000      3.62510444E-04 -5.65801114E-02 -0.10591562     -0.13133217     -0.13874565     -2.82754935E-02  0.12751883      0.13861534      0.12528667     -0.25000000    
   0.0000000      4.83508222E-03 -6.23839870E-02 -0.11133607     -0.13392247     -0.14110155     -3.39136645E-02  0.13361359      0.13972490      0.13707578     -0.25000000    
   0.0000000      3.00331619E-02 -2.53836643E-02 -8.50472301E-02 -0.12166879     -0.13775285     -0.11574553      7.79223889E-02  0.14001998      0.14711769     -0.25000000    
   0.0000000      3.90851647E-02 -2.87177693E-02 -9.16474909E-02 -0.12557261     -0.13903444     -0.12674804      9.02093351E-02  0.13920413      0.15893120     -0.25000000    
   0.0000000      5.75404167E-02  7.18959467E-03 -5.82732596E-02 -0.10731132     -0.13173774     -0.13998656     -3.34359258E-02  0.12936698      0.16467908     -0.25000000    
   0.0000000      6.78089485E-02  8.90256930E-03 -6.50429130E-02 -0.11268089     -0.13424461     -0.14209557     -4.03029472E-02  0.13351175      0.17574108     -0.25000000    
   0.0000000      7.90839493E-02  3.96277457E-02 -2.65573170E-02 -8.75043198E-02 -0.12257826     -0.13809100     -0.11889507      7.06769228E-02  0.17928849     -0.25000000    
   0.0000000      8.83854851E-02  4.54022475E-02 -3.06980275E-02 -9.42411795E-02 -0.12631376     -0.13933334     -0.12920323      7.74769858E-02  0.18950965     -0.25000000    
   0.0000000      9.38575417E-02  6.88398778E-02  6.97452016E-03 -6.06229194E-02 -0.10924244     -0.13221221     -0.14044842     -5.03465012E-02  0.18372662     -0.25000000    
   0.0000000      0.10148148      7.55083710E-02  8.34824983E-03 -6.77000135E-02 -0.11453754     -0.13457629     -0.14178976     -6.84430823E-02  0.19889839     -0.25000000    
   0.0000000      0.10313534      9.11438763E-02  4.05481197E-02 -2.80557759E-02 -8.98530856E-02 -0.12387342     -0.13793845     -0.13018365      0.15408011     -0.25000000    
   0.0000000      0.10921995      9.66562331E-02  4.64201421E-02 -3.25083695E-02 -9.66788009E-02 -0.12747072     -0.13916518     -0.15007275      0.17958817     -0.25000000    
   0.0000000      0.10842080      0.10588365      7.09076673E-02  6.53486187E-03 -6.26489073E-02 -0.11120241     -0.13297617     -0.14686695      5.98178655E-02 -0.25000000    
   0.0000000      0.11340296      0.10961903      7.78494626E-02  7.82260764E-03 -6.99613988E-02 -0.11645982     -0.13532831     -0.15724891      9.01986584E-02 -0.25000000    
   0.0000000      0.10979591      0.11446042      9.40505415E-02  4.12009917E-02 -2.92969868E-02 -9.19623822E-02 -0.12544671     -0.14443006     -5.64840846E-02 -0.25000000    
   0.0000000      0.11398709      0.11657580      9.98155400E-02  4.72457446E-02 -3.39995697E-02 -9.88787562E-02 -0.12907054     -0.14644437     -4.96801361E-02 -0.25000000    
   0.0000000      0.10880367      0.11830869      0.10910794      7.26170912E-02  6.18717074E-03 -6.43837377E-02 -0.11318354     -0.13600424     -0.12078488     -0.25000000    
   0.0000000      0.11249204      0.11921386      0.11300855      7.98100159E-02  7.40903476E-03 -7.18986169E-02 -0.11846802     -0.13799806     -0.12364877     -0.25000000    
   0.0000000      8.93487260E-02  0.11892270      0.11738955      9.65419933E-02  4.17576879E-02 -3.03328484E-02 -9.38948765E-02 -0.12741013     -0.13668740     -0.25000000    
   0.0000000      9.08579528E-02  0.11907832      0.11956232      0.10250417      4.79506142E-02 -3.52433957E-02 -0.10090785     -0.13084424     -0.14148299     -0.25000000    
   0.0000000      2.58838255E-02  0.11168523      0.12071986      0.11194760      7.40553588E-02  5.90851484E-03 -6.58972710E-02 -0.11504909     -0.13670717     -0.25000000    
   0.0000000      1.73477847E-02  0.11306309      0.12156268      0.11596295      8.14593658E-02  7.07940804E-03 -7.35897720E-02 -0.12033339     -0.14264236     -0.25000000    
   0.0000000     -5.74389324E-02  7.77723640E-02  0.12027431      0.12021798      9.86526534E-02  4.22331914E-02 -3.12139485E-02 -9.56293866E-02 -0.13082886     -0.25000000    
   0.0000000     -7.83336461E-02  8.47620070E-02  0.12041286      0.12242805      0.10478110      4.85543050E-02 -3.63011807E-02 -0.10275592     -0.13828276     -0.25000000    
   0.0000000     -0.10190213     -5.61368419E-03  0.11340120      0.12319880      0.11444003      7.52702877E-02  5.67602785E-03 -6.72556758E-02 -0.11931030     -0.25000000    
   0.0000000     -0.11641113     -8.76061060E-03  0.11760020      0.12401612      0.11855958      8.28536004E-02  6.80649607E-03 -7.51309022E-02 -0.12888645     -0.25000000    
   0.0000000     -0.10999853     -9.36717540E-02  7.58154988E-02  0.12398145      0.12282839      0.10045969      4.26368229E-02 -3.20290849E-02 -0.10030930     -0.25000000    
   0.0000000     -0.12097255     -0.10585191      8.68304446E-02  0.12422767      0.12510735      0.10673086      4.90723737E-02 -3.72679532E-02 -0.11223316     -0.25000000    
   0.0000000     -0.10844205     -0.12914225     -1.64723620E-02  0.11789708      0.12624466      0.11663992      7.63081685E-02  5.43968333E-03 -7.23767653E-02 -0.25000000    
   0.0000000     -0.11948659     -0.13386053     -1.92656163E-02  0.12333000      0.12713236      0.12086158      8.40498805E-02  6.62965234E-03 -8.57839882E-02 -0.25000000    
   0.0000000     -0.10350874     -0.13259277     -0.10413718      7.65452832E-02  0.12811884      0.12541306      0.10202520      4.30924930E-02 -3.79084907E-02 -0.25000000    
   0.0000000     -0.11432864     -0.13518706     -0.11477294      8.85430723E-02  0.12845564      0.12778857      0.10841192      4.99598309E-02 -4.94613796E-02 -0.25000000    
   0.0000000     -9.36407521E-02 -0.12846394     -0.13472334     -2.23098062E-02  0.12195358      0.12941115      0.11860829      7.78176412E-02 -1.86442747E-03 -0.25000000    
   0.0000000     -0.10371910     -0.13196260     -0.13746360     -2.63234116E-02  0.12798223      0.13040076      0.12286895      8.65139887E-02 -7.32347229E-03 -0.25000000    
   0.0000000     -7.75139555E-02 -0.11981233     -0.13592651     -0.10942044      7.71588534E-02  0.13196394      0.12770665      0.10529896      3.37337814E-02 -0.25000000    
   0.0000000     -8.59951824E-02 -0.12428763     -0.13722180     -0.12014449      8.94748420E-02  0.13238645      0.12998796      0.11290687      3.57292630E-02 -0.25000000    
   0.0000000     -5.52175157E-02 -0.10491776     -0.13065603     -0.13700165     -2.69189980E-02  0.12548277      0.13188647      0.12360363      6.82036057E-02 -0.25000000    
   0.0000000     -6.07805029E-02 -0.11038358     -0.13326542     -0.13938832     -3.21969055E-02  0.13197918      0.13262177      0.12915859      7.56514296E-02 -0.25000000    
   0.0000000     -2.81844754E-02 -8.33535120E-02 -0.12088368     -0.13688943     -0.11350347      7.78038427E-02  0.13442060      0.13402823      9.92169753E-02 -0.25000000    
   0.0000000     -2.92736515E-02 -8.94661322E-02 -0.12488151     -0.13817020     -0.12445557      9.04486030E-02  0.13441439      0.13735677      0.10978573     -0.25000000    
   0.0000000      9.54957970E-04 -5.59694320E-02 -0.10551634     -0.13112597     -0.13879599     -3.05344090E-02  0.12701540      0.13858232      0.12571929     -0.25000000    
   0.0000000      5.54752722E-03 -6.17505386E-02 -0.11096260     -0.13374090     -0.14104366     -3.65948975E-02  0.13332310      0.13964298      0.13751639     -0.25000000    
   0.0000000      3.06122545E-02 -2.47261841E-02 -8.45481753E-02 -0.12138485     -0.13759045     -0.11665278      7.61483759E-02  0.13991089      0.14744462     -0.25000000    
   0.0000000      3.97209674E-02 -2.79791132E-02 -9.11633372E-02 -0.12531410     -0.13889304     -0.12751679      8.83590281E-02  0.13908295      0.15924992     -0.25000000    
   0.0000000      5.80221862E-02  7.84577802E-03 -5.76626472E-02 -0.10694180     -0.13153681     -0.14002594     -3.56998406E-02  0.12875523      0.16492209     -0.25000000    
   0.0000000      6.82828650E-02  9.66562983E-03 -6.44109026E-02 -0.11234000     -0.13406558     -0.14203873     -4.29504588E-02  0.13307486      0.17596593     -0.25000000    
   0.0000000      7.94141367E-02  4.02520224E-02 -2.58853361E-02 -8.70150998E-02 -0.12231854     -0.13793290     -0.11974744      6.86671883E-02  0.17945047     -0.25000000    
   0.0000000      8.86830688E-02  4.60762940E-02 -2.99382918E-02 -9.37708542E-02 -0.12608027     -0.13919514     -0.12988895      7.52591416E-02  0.18968651     -0.25000000    
   0.0000000      9.40549821E-02  6.93486929E-02  7.65165361E-03 -6.00027852E-02 -0.10889004     -0.13203028     -0.14046171     -5.26449494E-02  0.18350647     -0.25000000    
   0.0000000      0.10164285      7.60049522E-02  9.14286077E-03 -6.70611933E-02 -0.11421672     -0.13441545     -0.14173914     -7.10792020E-02  0.19885091     -0.25000000    
   0.0000000      0.10323438      9.14840326E-02  4.11981381E-02 -2.73643229E-02 -8.93668681E-02 -0.12363327     -0.13780819     -0.13087989      0.15281400     -0.25000000    
   0.0000000      0.10929158      9.69615281E-02  4.71262857E-02 -3.17271166E-02 -9.62150246E-02 -0.12725841     -0.13905729     -0.15062335      0.17856790     -0.25000000    
   0.0000000      0.10844137      0.10607716      7.14400336E-02  7.23359548E-03 -6.20183870E-02 -0.11086129     -0.13281839     -0.14688352      5.73730282E-02 -0.25000000    
   0.0000000      0.11340483      0.10977483      7.83703476E-02  8.64546839E-03 -6.93148598E-02 -0.11615284     -0.13519232     -0.15704602      8.75242651E-02 -0.25000000    
   0.0000000      0.10975166      0.11454020      9.44050401E-02  4.18750197E-02 -2.85882745E-02 -9.14766490E-02 -0.12522265     -0.14425625     -5.83720878E-02 -0.25000000    
   0.0000000      0.11393037      0.11662600      0.10013377      4.79796454E-02 -3.31994183E-02 -9.84183252E-02 -0.12887430     -0.14622405     -5.19362278E-02 -0.25000000    
   0.0000000      0.10863493      0.11830702      0.10930388      7.31709152E-02  6.90427655E-03 -6.37432784E-02 -0.11284929     -0.13581200     -0.12139738     -0.25000000    
   0.0000000      0.11230783      0.11919127      0.11316462      8.03520605E-02  8.25591199E-03 -7.12442547E-02 -0.11816899     -0.13782944     -0.12433194     -0.25000000    
   0.0000000      8.85382444E-02  0.11883940      0.11746171      9.69098955E-02  4.24520448E-02 -2.96089500E-02 -9.34073702E-02 -0.12718618     -0.13674751     -0.25000000    
   0.0000000      8.99561122E-02  0.11898699      0.11960248      0.10283429      4.87079620E-02 -3.44264880E-02 -0.10044777     -0.13065264     -0.14156711     -0.25000000    
   0.0000000      2.42082942E-02  0.11131792      0.12070158      0.11214864      7.46274516E-02  6.64136978E-03 -6.52470514E-02 -0.11471827     -0.13661028     -0.25000000    
   0.0000000      1.53492298E-02  0.11278126      0.12152050      0.11612244      8.20193961E-02  7.94690009E-03 -7.29273334E-02 -0.12004087     -0.14257129     -0.25000000    
   0.0000000     -5.87787516E-02  7.65805990E-02  0.12019015      0.12028672      9.90329534E-02  4.29448821E-02 -3.04765385E-02 -9.51399729E-02 -0.13063619     -0.25000000    
   0.0000000     -7.96738714E-02  8.35991055E-02  0.12033444      0.12246343      0.10512240      4.93316539E-02 -3.54693756E-02 -0.10229611     -0.13812676     -0.25000000    
   0.0000000     -0.10227510     -7.59028504E-03  0.11302430      0.12318208      0.11464749      7.58582875E-02  6.42255275E-03 -6.65969551E-02 -0.11899446     -0.25000000    
   0.0000000     -0.11660998     -1.11559164E-02  0.11741168      0.12397483      0.11872440      8.34292620E-02  7.69191096E-03 -7.44611472E-02 -0.12861772     -0.25000000    
   0.0000000     -0.10996230     -9.48781818E-02  7.44496062E-02  0.12394972      0.12290146      0.10085148      4.33635861E-02 -3.12797576E-02 -9.98312905E-02 -0.25000000    
   0.0000000     -0.12092777     -0.10699502      8.54599327E-02  0.12421118      0.12514693      0.10708266      4.98671047E-02 -3.64219174E-02 -0.11179823     -0.25000000    
   0.0000000     -0.10835405     -0.12936851     -1.85958575E-02  0.11751593      0.12624870      0.11685614      7.69102424E-02  6.19942322E-03 -7.17308000E-02 -0.25000000    
   0.0000000     -0.11939713     -0.13394961     -2.18257718E-02  0.12315253      0.12711214      0.12103462      8.46392661E-02  7.53517263E-03 -8.51439908E-02 -0.25000000    
   0.0000000     -0.10334809     -0.13250658     -0.10524678      7.50474408E-02  0.12810893      0.12549825      0.10242788      4.38380986E-02 -3.71799208E-02 -0.25000000    
   0.0000000     -0.11415701     -0.13511084     -0.11579429      8.70142579E-02  0.12846313      0.12784061      0.10877341      5.07824495E-02 -4.86495942E-02 -0.25000000    
   0.0000000     -9.33726355E-02 -0.12831682     -0.13488853     -2.45111268E-02  0.12155205      0.12943120      0.11883393      7.84489140E-02 -1.14039367E-03 -0.25000000    
   0.0000000     -0.10342798     -0.13183370     -0.13750811     -2.89604943E-02  0.12778975      0.13039635      0.12304944      8.71394351E-02 -6.43688347E-03 -0.25000000    
   0.0000000     -7.71270320E-02 -0.11956433     -0.13582051     -0.11046761      7.55585656E-02  0.13196248      0.12779984      0.10573918      3.44503447E-02 -0.25000000    
   0.0000000     -8.55642259E-02 -0.12405802     -0.13713515     -0.12108268      8.78243297E-02  0.13240317      0.13004524      0.11330974      3.65785770E-02 -0.25000000    
   0.0000000     -5.47047928E-02 -0.10454670     -0.13048799     -0.13713379     -2.91719660E-02  0.12506068      0.13191018      0.12386351      6.88617304E-02 -0.25000000    
   0.0000000     -6.01918586E-02 -0.11003111     -0.13312322     -0.13940997     -3.48773524E-02  0.13176987      0.13261724      0.12937254      7.63937831E-02 -0.25000000    
   0.0000000     -2.76064575E-02 -8.28478113E-02 -0.12062382     -0.13677523     -0.11450198      7.61224329E-02  0.13441201      0.13414283      9.97855738E-02 -0.25000000    
   0.0000000     -2.85905227E-02 -8.89651254E-02 -0.12465034     -0.13807769     -0.12532841      8.87044668E-02  0.13442175      0.13742563      0.11039437     -0.25000000    
   0.0000000      1.55289471E-03 -5.53665124E-02 -0.10514080     -0.13096049     -0.13890202     -3.28245834E-02  0.12656216      0.13859935      0.12618659     -0.25000000    
   0.0000000      6.26602350E-03 -6.11256324E-02 -0.11061463     -0.13360150     -0.14104541     -3.93024571E-02  0.13308522      0.13961208      0.13799277     -0.25000000    
   0.0000000      3.12022865E-02 -2.40697674E-02 -8.40635002E-02 -0.12113141     -0.13747606     -0.11760936      7.43858591E-02  0.13985440      0.14781255     -0.25000000    
   0.0000000      4.03685942E-02 -2.72412691E-02 -9.06951278E-02 -0.12508769     -0.13880095     -0.12833400      8.65163207E-02  0.13901679      0.15960935     -0.25000000    
   0.0000000      5.85194677E-02  8.50732997E-03 -5.70589863E-02 -0.10659355     -0.13137287     -0.14011492     -3.79910022E-02  0.12818675      0.16521138     -0.25000000    
   0.0000000      6.87734857E-02  1.04340315E-02 -6.37862906E-02 -0.11202191     -0.13392499     -0.14203534     -4.56190817E-02  0.13268353      0.17623509     -0.25000000    
   0.0000000      7.97639936E-02  4.08864431E-02 -2.52145249E-02 -8.65385011E-02 -0.12208632     -0.13781838     -0.12064230      6.66633472E-02  0.17965980     -0.25000000    
   0.0000000      8.90012458E-02  4.67607901E-02 -2.91793440E-02 -9.33144316E-02 -0.12587582     -0.13910182     -0.13061617      7.30402172E-02  0.18990855     -0.25000000    
   0.0000000      9.42751169E-02  6.98716193E-02  8.33344646E-03 -5.93887493E-02 -0.10855652     -0.13188188     -0.14051953     -5.49616441E-02  0.18332976     -0.25000000    
   0.0000000      0.10182752      7.65164867E-02  9.94201470E-03 -6.64286464E-02 -0.11391615     -0.13428944     -0.14173698     -7.37236515E-02  0.19884177     -0.25000000    
   0.0000000      0.10335798      9.18421447E-02  4.18571085E-02 -2.66740248E-02 -8.88915509E-02 -0.12341779     -0.13771759     -0.13160928      0.15157814     -0.25000000    
   0.0000000      0.10938799      9.72855762E-02  4.78416011E-02 -3.09464969E-02 -9.57632214E-02 -0.12707216     -0.13899027     -0.15120617      0.17757367     -0.25000000    
   0.0000000      0.10848644      0.10629138      7.19850957E-02  7.93645717E-03 -6.13930896E-02 -0.11053674     -0.13269094     -0.14693706      5.49465120E-02 -0.25000000    
   0.0000000      0.11343108      0.10995200      7.89047554E-02  9.47223511E-03 -6.86734989E-02 -0.11586367     -0.13508797     -0.15687983      8.48584995E-02 -0.25000000    
   0.0000000      0.10973241      0.11464237      9.47759598E-02  4.25570458E-02 -2.78806239E-02 -9.10001993E-02 -0.12502058     -0.14411333     -6.02590144E-02 -0.25000000    
   0.0000000      0.11389850      0.11669899      0.10046925      4.87215519E-02 -3.23996358E-02 -9.79680717E-02 -0.12870134     -0.14603728     -5.41815720E-02 -0.25000000    
   0.0000000      0.10848486      0.11832893      0.10951907      7.37360641E-02  7.62507087E-03 -6.31071702E-02 -0.11252949     -0.13564646     -0.12202792     -0.25000000    
   0.0000000      0.11214142      0.11919246      0.11334062      8.09061527E-02  9.10610892E-03 -7.05939680E-02 -0.11788550     -0.13768834     -0.12503117     -0.25000000    
   0.0000000      8.77322555E-02  0.11877833      0.11755525      9.72927436E-02  4.31534834E-02 -2.88860425E-02 -9.29275677E-02 -0.12698129     -0.13683298     -0.25000000    
   0.0000000      8.90557095E-02  0.11891817      0.11966454      0.10318011      4.94722314E-02 -3.36098298E-02 -9.99960974E-02 -0.13048108     -0.14167610     -0.25000000    
   0.0000000      2.25235466E-02  0.11096608      0.12070595      0.11236756      7.52096325E-02  7.37751834E-03 -6.46004453E-02 -0.11439964     -0.13653474     -0.25000000    
   0.0000000      1.33330934E-02  0.11251861      0.12150124      0.11630052      8.25900882E-02  8.81718006E-03 -7.22680464E-02 -0.11976143     -0.14252140     -0.25000000    
   0.0000000     -6.01313859E-02  7.53830820E-02  0.12013038      0.12037572      9.94268283E-02  4.36627753E-02 -2.97400672E-02 -9.46567655E-02 -0.13045867     -0.25000000    
   0.0000000     -8.10242742E-02  8.24268535E-02  0.12028179      0.12251960      0.10547794      5.01148179E-02 -3.46376300E-02 -0.10184300     -0.13798596     -0.25000000    
   0.0000000     -0.10266564     -9.58552584E-03  0.11266262      0.12318835      0.11487149      7.64551237E-02  7.17191165E-03 -6.59411103E-02 -0.11868776     -0.25000000    
   0.0000000     -0.11683220     -1.35655599E-02  0.11723998      0.12395701      0.11890642      8.40142295E-02  8.57953355E-03 -7.37935826E-02 -0.12835829     -0.25000000    
   0.0000000     -0.10994847     -9.60959271E-02  7.30748400E-02  0.12394053      0.12299393      0.10125547      4.40956540E-02 -3.05313673E-02 -9.93572921E-02 -0.25000000    
   0.0000000     -0.12090734     -0.10814533      8.40754509E-02  0.12421887      0.12520649      0.10744734      5.06665893E-02 -3.55758369E-02 -0.11136734     -0.25000000    
   0.0000000     -0.10828283     -0.12961431     -2.07333602E-02  0.11714704      0.12627470      0.11708765      7.75199756E-02  6.96157292E-03 -7.10865259E-02 -0.25000000    
   0.0000000     -0.11932560     -0.13406311     -2.43924968E-02  0.12298827      0.12711440      0.12122364      8.52366686E-02  8.44240841E-03 -8.45046341E-02 -0.25000000    
   0.0000000     -0.10319835     -0.13244209     -0.10636456      7.35380203E-02  0.12811954      0.12560159      0.10284146      4.45882827E-02 -3.64520364E-02 -0.25000000    
   0.0000000     -0.11399721     -0.13505749     -0.11681990      8.54674131E-02  0.12849300      0.12791142      0.10914633      5.16089872E-02 -4.78372276E-02 -0.25000000    
   0.0000000     -9.31106061E-02 -0.12818480     -0.13507168     -2.67229453E-02  0.12115989      0.12947181      0.11907350      7.90869296E-02 -4.14334470E-04 -0.25000000    
   0.0000000     -0.10314349     -0.13172062     -0.13757579     -3.15987431E-02  0.12760724      0.13041298      0.12324452      8.77709687E-02 -5.54643199E-03 -0.25000000    
   0.0000000     -7.67440125E-02 -0.11932579     -0.13573425     -0.11152020      7.39441365E-02  0.13197947      0.12790981      0.10618761      3.51728797E-02 -0.25000000    
   0.0000000     -8.51374418E-02 -0.12383840     -0.13706937     -0.12202246      8.61520022E-02  0.13244036      0.13012001      0.11372100      3.74341682E-02 -0.25000000    
   0.0000000     -5.41932024E-02 -0.10418183     -0.13033319     -0.13728192     -3.14323902E-02  0.12464526      0.13195312      0.12413447      6.95274100E-02 -0.25000000    
   0.0000000     -5.96041381E-02 -0.10968538     -0.13299489     -0.13945298     -3.75545211E-02  0.13156745      0.13263261      0.12959781      7.71440193E-02 -0.25000000    
   0.0000000     -2.70274449E-02 -8.23453143E-02 -0.12037300     -0.13667871     -0.11550319      7.44244531E-02  0.13442035      0.13427119      0.10036375     -0.25000000    
   0.0000000     -2.79057566E-02 -8.84676576E-02 -0.12442885     -0.13800384     -0.12620021      8.69350657E-02  0.13444841      0.13750845      0.11101287     -0.25000000    
   0.0000000      2.15389114E-03 -5.47642559E-02 -0.10477112     -0.13080736     -0.13902164     -3.51194814E-02  0.12611350      0.13863245      0.12666556     -0.25000000    
   0.0000000      6.98720850E-03 -6.05007932E-02 -0.11027306     -0.13347504     -0.14106601     -4.20030728E-02  0.13285218      0.13959746      0.13848090     -0.25000000    
   0.0000000      3.17963324E-02 -2.34126449E-02 -8.35810006E-02 -0.12088656     -0.13737793     -0.11856563      7.26054460E-02  0.13981161      0.14819418     -0.25000000    
   0.0000000      4.10196856E-02 -2.65018512E-02 -9.02292803E-02 -0.12487061     -0.13872595     -0.12914731      8.46461728E-02  0.13896665      0.15998213     -0.25000000    
   0.0000000      5.90213649E-02  9.17151757E-03 -5.64555153E-02 -0.10625012     -0.13122062     -0.14021565     -4.02824841E-02  0.12761873      0.16551599     -0.25000000    
   0.0000000      6.92687258E-02  1.12045156E-02 -6.31610006E-02 -0.11170917     -0.13379665     -0.14204881     -4.82751690E-02  0.13229221      0.17651874     -0.25000000    
   0.0000000      8.01198110E-02  4.15241458E-02 -2.45430786E-02 -8.60631615E-02 -0.12186173     -0.13771904     -0.12153450      6.46390915E-02  0.17988203     -0.25000000    
   0.0000000      8.93255398E-02  4.74478118E-02 -2.84187235E-02 -9.28593874E-02 -0.12567967     -0.13902435     -0.13133734      7.07878172E-02  0.19014454     -0.25000000    
   0.0000000      9.45023373E-02  7.03983381E-02  9.01750010E-03 -5.87744638E-02 -0.10822688     -0.13174406     -0.14058775     -5.72700314E-02  0.18315828     -0.25000000    
   0.0000000      0.10201947      7.70317316E-02  1.07428292E-02 -6.57948926E-02 -0.11361992     -0.13417464     -0.14174981     -7.63443634E-02  0.19883721     -0.25000000    
   0.0000000      0.10348936      9.22053978E-02  4.25187983E-02 -2.59831790E-02 -8.84167403E-02 -0.12320888     -0.13764061     -0.13233440      0.15033215     -0.25000000    
   0.0000000      0.10949235      9.76149142E-02  4.85587530E-02 -3.01642008E-02 -9.53119546E-02 -0.12689316     -0.13893738     -0.15178244      0.17656785     -0.25000000    
   0.0000000      0.10853874      0.10651194      7.25332573E-02  8.64126720E-03 -6.07672483E-02 -0.11021514     -0.13257286     -0.14699975      5.25175221E-02 -0.25000000    
   0.0000000      0.11346456      0.11013577      7.94421360E-02  1.03002153E-02 -6.80304766E-02 -0.11557782     -0.13499355     -0.15672228      8.21748003E-02 -0.25000000    
   0.0000000      0.10972123      0.11475149      9.51513723E-02  4.32412475E-02 -2.71725748E-02 -9.05235633E-02 -0.12482403     -0.14397916     -6.21321909E-02 -0.25000000    
   0.0000000      0.11387467      0.11677911      0.10080939      4.94646393E-02 -3.15982774E-02 -9.75175723E-02 -0.12853450     -0.14586236     -5.64042293E-02 -0.25000000    
   0.0000000      0.10833544      0.11835834      0.10973997      7.43036941E-02  8.34746566E-03 -6.24702722E-02 -0.11221169     -0.13548961     -0.12265325     -0.25000000    
   0.0000000      0.11197490      0.11920127      0.11352265      8.14625397E-02  9.95709654E-03 -6.99416623E-02 -0.11760441     -0.13755651     -0.12572309     -0.25000000    
   0.0000000      8.69132429E-02  0.11872270      0.11765557      9.76794884E-02  4.38565724E-02 -2.81629022E-02 -9.24469680E-02 -0.12678099     -0.13692366     -0.25000000    
   0.0000000      8.81390050E-02  0.11885519      0.11973362      0.10352999      5.02370149E-02 -3.27916779E-02 -9.95435044E-02 -0.13031457     -0.14179011     -0.25000000    
   0.0000000      2.08271388E-02  0.11061171      0.12071736      0.11259175      7.57936388E-02  8.11486971E-03 -6.39528707E-02 -0.11408218     -0.13646455     -0.25000000    
   0.0000000      1.12987729E-02  0.11225743      0.12148920      0.11648418      8.31623971E-02  9.68777016E-03 -7.16064498E-02 -0.11948343     -0.14247701     -0.25000000    
   0.0000000     -6.14785478E-02  7.41653517E-02  0.12007845      0.12047102      9.98239741E-02  4.43817899E-02 -2.90035848E-02 -9.41721946E-02 -0.13028392     -0.25000000    
   0.0000000     -8.23626071E-02  8.12284276E-02  0.12023855      0.12258238      0.10583692      5.08978479E-02 -3.38045731E-02 -0.10138831     -0.13784821     -0.25000000    
   0.0000000     -0.10305326     -1.15927169E-02  0.11229800      0.12320264      0.11510024      7.70531669E-02  7.92210829E-03 -6.52841702E-02 -0.11838114     -0.25000000    
   0.0000000     -0.11705688     -1.59811974E-02  0.11706632      0.12394743      0.11909355      8.46001506E-02  9.46700107E-03 -7.31234774E-02 -0.12809904     -0.25000000    
   0.0000000     -0.10994110     -9.73022878E-02  7.16782212E-02  0.12393729      0.12309267      0.10166216      4.48283553E-02 -2.97831520E-02 -9.88813192E-02 -0.25000000    
   0.0000000     -0.12089468     -0.10927852      8.26611891E-02  0.12423432      0.12527263      0.10781486      5.14653698E-02 -3.47286090E-02 -0.11093412     -0.25000000    
   0.0000000     -0.10821585     -0.12986003     -2.28747111E-02  0.11677238      0.12630832      0.11732350      7.81303272E-02  7.72425951E-03 -7.04410523E-02 -0.25000000    
   0.0000000     -0.11925855     -0.13418199     -2.69532781E-02  0.12281831      0.12712450      0.12141737      8.58343989E-02  9.34907421E-03 -8.38625133E-02 -0.25000000    
   0.0000000     -0.10305002     -0.13238436     -0.10746845      7.20057115E-02  0.12813456      0.12571083      0.10325725      4.53387015E-02 -3.57247852E-02 -0.25000000    
   0.0000000     -0.11383897     -0.13501187     -0.11782639      8.38885307E-02  0.12852922      0.12798840      0.10952166      5.24343997E-02 -4.70239669E-02 -0.25000000    
   0.0000000     -9.28479284E-02 -0.12805614     -0.13525504     -2.89331898E-02  0.12075992      0.12951940      0.11931694      7.97253251E-02  3.11689539E-04 -0.25000000    
   0.0000000     -0.10285824     -0.13161123     -0.13764943     -3.42233628E-02  0.12741643      0.13043676      0.12344378      8.84017423E-02 -4.65478655E-03 -0.25000000    
   0.0000000     -7.63606355E-02 -0.11908782     -0.13565443     -0.11255722      7.23058656E-02  0.13199964      0.12802510      0.10663643      3.58973630E-02 -0.25000000    
   0.0000000     -8.47100392E-02 -0.12361957     -0.13701096     -0.12294186      8.44457746E-02  0.13248281      0.13020055      0.11413243      3.82912979E-02 -0.25000000    
   0.0000000     -5.36808856E-02 -0.10381696     -0.13018107     -0.13743007     -3.36870551E-02  0.12422029      0.13200261      0.12440738      7.01949820E-02 -0.25000000    
   0.0000000     -5.90152107E-02 -0.10933969     -0.13286944     -0.13950185     -4.02122326E-02  0.13135470      0.13265477      0.12982510      7.78956115E-02 -0.25000000    
   0.0000000     -2.64476240E-02 -8.18423629E-02 -0.12012330     -0.13658784     -0.11648754      7.27017522E-02  0.13443121      0.13440290      0.10094426     -0.25000000    
   0.0000000     -2.72196606E-02 -8.79695714E-02 -0.12420870     -0.13793634     -0.12705070      8.51300433E-02  0.13448001      0.13759470      0.11163329     -0.25000000    
   0.0000000      2.75612273E-03 -5.41612953E-02 -0.10440184     -0.13065709     -0.13914046     -3.74055095E-02  0.12565446      0.13867000      0.12714753     -0.25000000    
   0.0000000      7.70877209E-03 -5.98742515E-02 -0.10993196     -0.13335161     -0.14109160     -4.46801856E-02  0.13260780      0.13958728      0.13897175     -0.25000000    
