M 240
N 300
dt 0.500000
dx 0.500000
eps 0.000001
sc 1.000000
iterations 2
initial_x 0 0 0 0 0 0 0 0 0 0 0 1 0 0 0 0 0 0 0 0 0 0 0 0 0 0 0 0 0 0 0 0 0 0 0 0 0 0 0 1 0 0 0 0 0 0 0 0 0 0 0 0 0 0 0 0 0 0 0 0 0 0 0 0 0 0 0 0 0 0 0 0 0 0 0 0 0 0 0 1 1 0 0 0 0 0 0 0 0 0 0 0 0 0 0 0 0 0 0 0 0 0 0 0 0 0 0 0 0 0 0 0 0 0 0 0 0 0 0 0 0 0 0 0 0 0 0 0 0 0 0 0 0 0 0 0 0 0 0 0 0 0 0 0 0 0 0 0 0 0 0 0 0 0 0 0 0 0 0 0 0 0 0 0 0 0 0 0 0 0 0 0 0 0 0 0 0 0 0 0 0 0 0 0 0 0 0 0 0 0 0 0 0 0 0 0 0 0 0 0 0 0 0 0 0 0 0 0 0 0 0 0 0 0 0 0 0 0 0 0 0 0 0 0 0 0 0 0 0 0 0 0 0 0 0 0 0 0 0 0
velocity_u 0.500000 0.493361 0.486778 0.480250 0.473778 0.467361 0.461000 0.454694 0.448444 0.442250 0.436111 0.430028 0.424000 0.418028 0.412111 0.406250 0.400444 0.394694 0.389000 0.383361 0.377778 0.372250 0.366778 0.361361 0.356000 0.350694 0.345444 0.340250 0.335111 0.330028 0.325000 0.320028 0.315111 0.310250 0.305444 0.300694 0.296000 0.291361 0.286778 0.282250 0.277778 0.273361 0.269000 0.264694 0.260444 0.256250 0.252111 0.248028 0.244000 0.240028 0.236111 0.232250 0.228444 0.224694 0.221000 0.217361 0.213778 0.210250 0.206778 0.203361 0.200000 0.196694 0.193444 0.190250 0.187111 0.184028 0.181000 0.178028 0.175111 0.172250 0.169444 0.166694 0.164000 0.161361 0.158778 0.156250 0.153778 0.151361 0.149000 0.146694 0.144444 0.142250 0.140111 0.138028 0.136000 0.134028 0.132111 0.130250 0.128444 0.126694 0.125000 0.123361 0.121778 0.120250 0.118778 0.117361 0.116000 0.114694 0.113444 0.112250 0.111111 0.110028 0.109000 0.108028 0.107111 0.106250 0.105444 0.104694 0.104000 0.103361 0.102778 0.102250 0.101778 0.101361 0.101000 0.100694 0.100444 0.100250 0.100111 0.100028 0.100000 0.100028 0.100111 0.100250 0.100444 0.100694 0.101000 0.101361 0.101778 0.102250 0.102778 0.103361 0.104000 0.104694 0.105444 0.106250 0.107111 0.108028 0.109000 0.110028 0.111111 0.112250 0.113444 0.114694 0.116000 0.117361 0.118778 0.120250 0.121778 0.123361 0.125000 0.126694 0.128444 0.130250 0.132111 0.134028 0.136000 0.138028 0.140111 0.142250 0.144444 0.146694 0.149000 0.151361 0.153778 0.156250 0.158778 0.161361 0.164000 0.166694 0.169444 0.172250 0.175111 0.178028 0.181000 0.184028 0.187111 0.190250 0.193444 0.196694 0.200000 0.203361 0.206778 0.210250 0.213778 0.217361 0.221000 0.224694 0.228444 0.232250 0.236111 0.240028 0.244000 0.248028 0.252111 0.256250 0.260444 0.264694 0.269000 0.273361 0.277778 0.282250 0.286778 0.291361 0.296000 0.300694 0.305444 0.310250 0.315111 0.320028 0.325000 0.330028 0.335111 0.340250 0.345444 0.350694 0.356000 0.361361 0.366778 0.372250 0.377778 0.383361 0.389000 0.394694 0.400444 0.406250 0.412111 0.418028 0.424000 0.430028 0.436111 0.442250 0.448444 0.454694 0.461000 0.467361 0.473778 0.480250 0.486778 0.493361 0.500000
periodic .false.
