M 240
N 700
dt 0.500000
dx 0.500000
eps 0.000001
sc 1.000000
iterations 0
initial_x 0 0 0 0 0 0 0 0 0 0 0 1 1 1 1 1 0 0 0 0 0 0 0 0 0 0 0 0 0 0 0 0 0 0 0 0 0 0 0 0 0 0 0 0 0 0 0 0 0 0 0 0 0 0 0 0 0 0 0 0 0 0 0 0 0 0 0 0 0 0 0 0 0 0 0 0 0 0 0 0 0 0 0 0 0 0 0 0 0 0 0 0 0 0 0 0 0 0 0 0 0 0 0 0 0 0 0 0 0 0 0 0 0 0 0 0 0 0 0 0 0 0 0 0 0 0 0 0 0 0 0 0 0 0 0 0 0 0 0 0 0 0 0 0 0 0 0 0 0 0 0 0 0 0 0 0 0 0 0 0 0 0 0 0 0 0 0 0 0 0 0 0 0 0 0 0 0 0 0 0 0 0 0 0 0 0 0 0 0 0 0 0 0 0 0 0 0 0 0 0 0 0 0 0 0 0 0 0 0 0 0 0 0 0 0 0 0 0 0 0 0 0 0 0 0 0 0 0 0 0 0 0 0 0 0 0 0 0 0 0
velocity_u 0.400000 0.400417 0.400833 0.401250 0.401667 0.402083 0.402500 0.402917 0.403333 0.403750 0.404167 0.404583 0.405000 0.405417 0.405833 0.406250 0.406667 0.407083 0.407500 0.407917 0.408333 0.408750 0.409167 0.409583 0.410000 0.410417 0.410833 0.411250 0.411667 0.412083 0.412500 0.412917 0.413333 0.413750 0.414167 0.414583 0.415000 0.415417 0.415833 0.416250 0.416667 0.417083 0.417500 0.417917 0.418333 0.418750 0.419167 0.419583 0.420000 0.420417 0.420833 0.421250 0.421667 0.422083 0.422500 0.422917 0.423333 0.423750 0.424167 0.424583 0.425000 0.425417 0.425833 0.426250 0.426667 0.427083 0.427500 0.427917 0.428333 0.428750 0.429167 0.429583 0.430000 0.430417 0.430833 0.431250 0.431667 0.432083 0.432500 0.432917 0.433333 0.433750 0.434167 0.434583 0.435000 0.435417 0.435833 0.436250 0.436667 0.437083 0.437500 0.437917 0.438333 0.438750 0.439167 0.439583 0.440000 0.440417 0.440833 0.441250 0.441667 0.442083 0.442500 0.442917 0.443333 0.443750 0.444167 0.444583 0.445000 0.445417 0.445833 0.446250 0.446667 0.447083 0.447500 0.447917 0.448333 0.448750 0.449167 0.449583 0.450000 0.450417 0.450833 0.451250 0.451667 0.452083 0.452500 0.452917 0.453333 0.453750 0.454167 0.454583 0.455000 0.455417 0.455833 0.456250 0.456667 0.457083 0.457500 0.457917 0.458333 0.458750 0.459167 0.459583 0.460000 0.460417 0.460833 0.461250 0.461667 0.462083 0.462500 0.462917 0.463333 0.463750 0.464167 0.464583 0.465000 0.465417 0.465833 0.466250 0.466667 0.467083 0.467500 0.467917 0.468333 0.468750 0.469167 0.469583 0.470000 0.470417 0.470833 0.471250 0.471667 0.472083 0.472500 0.472917 0.473333 0.473750 0.474167 0.474583 0.475000 0.475417 0.475833 0.476250 0.476667 0.477083 0.477500 0.477917 0.478333 0.478750 0.479167 0.479583 0.480000 0.480417 0.480833 0.481250 0.481667 0.482083 0.482500 0.482917 0.483333 0.483750 0.484167 0.484583 0.485000 0.485417 0.485833 0.486250 0.486667 0.487083 0.487500 0.487917 0.488333 0.488750 0.489167 0.489583 0.490000 0.490417 0.490833 0.491250 0.491667 0.492083 0.492500 0.492917 0.493333 0.493750 0.494167 0.494583 0.495000 0.495417 0.495833 0.496250 0.496667 0.497083 0.497500 0.497917 0.498333 0.498750 0.499167 0.499583 0.500000
periodic .true.
